455195 205322 3000
452872 204827 2040
453581 203464 2550
444703 216750 3215
450606 206243 1259
452936 205975 1852
448585 213909 2813
455369 208009 3180
450766 207934 916
460557 205517 3260
460899 205325 3457
450004 219797 3540
448650 213727 2760
452559 198922 2462
447366 213965 2991
448867 214028 3000
449530 197173 3257
451497 205149 1740
453030 208014 2316
450622 206244 1243
450632 206261 1232
453616 208022 2640
450553 197773 3513
455745 202206 2959
450622 206260 1242
458016 207291 2796
448958 209917 1747
453957 204018 2413
452645 193515 3029
453847 202867 2735
453824 206756 1896
448852 214242 3157
446710 214731 3041
453226 208460 2813
453582 206037 2513
455817 206997 2768
448239 212310 2555
448248 212141 2415
450662 202825 3120
452235 202606 2792
450315 198933 3077
450352 210422 1867
471697 197416 3219
455024 208151 3240
450962 210070 2126
454426 206363 2460
455415 198981 3178
444052 217642 3240
442456 209977 3248
450039 213559 2752
451002 206873 401
455230 204244 3442
450733 209325 1500
454943 202955 2340
448242 212155 2400
455116 202872 2483
447611 205761 2422
463558 204837 3420
452612 205250 1906
455180 202818 2400
447153 204440 3000
453955 207391 2651
447651 212101 2474
459748 205754 2986
452256 202177 2910
453539 201754 2933
454805 204605 2621
455632 203435 3109
457799 204951 3348
459991 205717 3060
453693 202889 2580
454338 203926 2160
450018 209738 1411
447080 213910 2700
453125 204247 2220
450304 198458 2880
456045 202242 2973
445826 206649 2543
448834 213503 2700
449307 196992 3324
455065 205920 2868
454083 203959 2417
444609 216735 3120
455927 207258 2484
450933 208490 1285
455411 204820 3220
450060 213682 2717
451654 204800 1959
452530 190496 3133
453339 202151 2760
452070 198699 2962
447863 212614 3000
452979 205619 1740
448968 206315 1740
451959 204231 2094
445213 216600 3554
457666 196321 3561
455357 204639 3122
456041 202768 2640
452652 193519 3030
449583 212542 2463
451281 206458 950
452558 206040 1620
450582 210299 1989
447126 204406 3043
450361 208522 1379
452546 204411 2636
453969 207386 2646
451901 203209 2640
454008 203320 2760
462448 204915 3360
453746 207615 2738
457426 204694 3185
452856 206788 1800
451069 207097 504
449201 206290 1680
454277 207340 2309
447441 204674 2948
451028 208003 1095
458406 222534 3600
448505 206126 1800
450367 197662 3328
449984 214020 2592
454274 203589 2509
459494 205832 2959
453936 202714 2879
450479 208559 1258
436307 210111 3540
450371 210528 1909
452545 198900 2462
453870 206272 2285
449731 197047 3479
449176 206453 1800
450553 207705 614
443956 208924 3000
446671 204183 3060
448712 205195 2340
446877 214504 2760
455675 202126 2952
448724 205506 2400
450058 197541 3136
450566 207347 259
437737 209732 3420
448434 214788 3240
450671 209470 1657
445026 216511 3354
454864 207261 2100
449715 214227 2662
449997 213461 2714
448159 205211 2160
452815 206234 1779
449980 213454 2700
451954 204051 2057
458729 205547 3490
447776 205902 2260
454002 204641 2010
451136 207368 755
449784 212679 2220
449210 213821 2810
459792 205739 2940
449179 213868 2855
444454 197927 3600
455688 202520 2580
449525 197158 3273
452603 198878 2400
449861 209934 1428
453935 204702 1920
449546 213955 2914
451823 206252 1391
471514 197339 3415
455276 207377 2220
447554 205892 2316
449612 210005 1440
460436 205708 3298
455621 204565 2849
451790 203380 2657
459573 205999 2967
447391 213903 3058
451164 206994 550
452686 208716 2617
455450 202251 2783
451920 203184 2671
460005 205723 3075
450072 219072 3480
450855 210251 2266
452547 190489 3150
452343 198780 2677
452765 206245 1757
452503 206025 1588
447218 205976 2395
455640 203442 3118
448009 205944 2117
449521 214589 2955
454841 206493 2760
450569 209705 1654
447487 213914 3122
455000 204764 2873
450487 210063 1734
455190 202504 2460
449469 213548 2443
447660 205014 3005
450814 207687 779
453341 205334 1865
455239 199278 3120
448477 205177 2280
450825 210423 2261
444190 217258 3254
449664 213102 2340
455376 199025 3120
448652 213710 2777
449996 214020 2580
446444 204142 3138
454427 206197 2626
455150 204335 3328
455194 206354 2880
453291 203010 2933
449197 206275 1695
448437 196965 3480
449674 197029 3439
454708 204379 2375
452834 207228 1969
452820 203073 2961
449506 210635 1515
450394 197685 3331
453183 207933 2320
449901 197411 3120
460444 205710 3307
449571 214348 2715
448216 205971 1920
455797 207947 2880
449453 214320 2700
454238 204057 2324
453592 204189 2308
453595 203185 2737
449443 214545 2925
450221 210219 2014
451007 206416 795
450208 208451 1547
457430 204690 3180
452269 214216 3300
451580 191155 3537
449874 213760 2544
453244 204107 2220
455263 206302 2966
447876 215608 3540
452709 214139 3300
447797 205416 2187
449284 197001 3300
454772 204111 2437
451780 204496 1979
455078 202963 2475
449920 212532 2420
449166 205512 2220
452390 201358 3034
450921 207412 780
451123 207343 727
452857 207448 1988
450182 197918 3000
454494 205978 2729
454151 204481 2120
451988 203691 2100
450203 217646 3333
450084 197552 3142
452297 201866 2940
446326 203928 3145
444430 208468 2880
452257 199610 3240
452494 200492 3188
452751 207940 2076
451080 207729 1045
449473 214068 2952
448096 214978 3446
452600 214400 3060
452726 205765 1744
455642 204544 2820
453408 204314 2280
451100 207686 1059
452342 198787 2676
454768 206671 2713
452676 208750 2652
455745 202200 2962
443273 214245 3540
444799 216570 3120
447678 212806 2787
449028 213497 2700
449204 213727 2722
449538 197189 3240
449296 212896 2926
450390 199376 3051
453177 203030 2930
443063 209211 3214
449960 219339 3491
451360 198378 3600
449404 212695 2698
457654 196541 3490
453181 208204 2559
455808 202928 2700
454493 207091 1980
452427 201100 3060
442718 209763 3180
442901 209304 3120
448010 214967 3360
455361 207405 2220
449233 214150 2804
453555 203597 2470
449608 210802 1320
444101 217264 3196
448553 214542 3180
452532 205422 1860
457144 196552 3435
451904 190997 3572
447654 212115 2460
450367 209138 1208
449791 206211 1579
448437 196954 3491
449585 214342 2700
453313 203303 2640
442857 209912 3383
452497 199131 2674
451024 206349 864
451225 206400 969
442963 209918 3469
452868 203263 2878
450382 210361 1800
449143 209729 1584
449640 213129 2376
446428 204152 3120
452873 203257 2872
457241 204704 3175
460454 205988 3579
451081 209984 2273
436469 209945 3480
454819 206118 2700
455877 207550 2512
455146 202171 3240
453635 203362 2556
450826 201910 3143
457655 196340 3540
454491 206279 2566
451942 204038 2040
453989 207418 2608
455360 214993 3600
452762 205003 1980
449065 213533 2751
450086 210297 2046
447873 205542 2040
449782 206228 1560
453578 203770 2340
453159 207887 2268
445026 216522 3352
444658 207248 2790
450116 199465 3340
452110 198717 2918
452468 199169 2722
449743 213851 2691
454544 203593 2329
453427 202429 2700
449201 214585 3170
457025 196412 3360
453111 208015 2397
443072 209195 3223
445464 200914 3360
449196 205495 2254
452464 200718 3103
450221 206229 1500
455045 205075 3120
452862 207380 1920
452956 207682 1980
443367 209264 3085
461094 205167 3394
452000 204227 2135
453936 202723 2874
454572 204222 2208
451420 206196 1246
455243 206002 3000
452200 199351 3240
449187 213713 2700
443963 208910 3015
450586 215237 3128
457937 222262 3480
448604 213959 2760
451838 204335 2049
455018 202557 2460
453150 204302 2220
453350 202150 2771
455085 207332 2160
453022 204478 2100
451008 206420 792
463465 204806 3518
459501 205838 2956
452452 205879 1617
452510 205564 1997
435580 209615 3600
451007 206411 800
454578 206136 2610
452051 190707 3379
450554 207497 406
452421 205992 1500
454493 203572 2358
449748 213534 2474
450325 213624 2561
453761 206526 2014
445973 201710 3465
453843 208113 2801
448929 196947 3469
453296 205381 1800
471775 197477 3120
449890 219555 3540
456057 206941 2828
450627 208659 1080
452717 208829 2734
449777 210102 1599
455178 205276 3049
456332 202731 2933
455659 202134 2935
450888 206907 290
452756 207976 2040
453478 203572 2550
456282 202687 2894
446831 204249 3060
451164 206139 1117
443105 209279 3134
454095 206381 2340
450988 208678 1430
453637 206087 2582
448940 205745 2166
453578 206637 1800
456609 207341 2423
453326 207919 2437
447898 205371 2100
448687 214438 3346
450986 208228 1224
451006 208214 1200
453612 203688 2428
455820 202555 2580
454755 206503 2747
451459 205287 1680
453698 208192 2665
448532 206119 1827
453766 207582 2700
453823 202859 2713
450763 200705 3084
450648 202925 3220
453487 203571 2542
457603 196147 3540
456623 207322 2400
456614 207352 2431
450095 209688 1320
451225 206512 889
435672 209961 3600
447606 213972 3231
451240 206444 926
451232 206469 900
452749 208230 2100
449444 205434 2508
446067 201846 3300
454384 203291 2570
453551 203590 2477
455822 202249 3021
471395 197485 3549
450206 208348 1572
447667 212767 2752
455296 206039 3000
450193 211566 2040
443276 214304 3599
451384 206070 1323
451390 206052 1339
451396 206036 1353
451468 205293 1690
451402 206003 1377
446843 204247 3072
447498 212608 2520
453865 204290 2358
452831 207031 1951
455396 202542 2520
454628 206267 2577
452875 205987 1790
454225 206953 1980
457123 196133 3369
450497 206872 324
444163 217409 3338
454041 203406 2806
450943 206641 561
451370 206184 1216
452793 208409 2284
436451 209944 3498
455512 207550 2429
449737 212600 2311
452306 201875 2952
454029 202492 3120
450675 208348 1074
451006 206404 806
450698 208299 1020
453789 207851 2718
453793 207833 2700
451005 206394 816
451005 206397 813
453050 203098 2817
450689 207118 0
451003 206380 829
451004 206385 824
447434 204678 2940
453980 207396 2632
454315 207304 2257
452372 205900 1604
453141 204246 2236
453178 205939 2096
451187 203402 3180
449739 209870 1411
451650 191114 3457
443345 209277 3060
450179 206217 1543
449965 219349 3480
435820 210240 3572
449506 197426 3479
435791 210225 3540
454866 206460 2801
455068 205914 2874
450359 215439 3139
455526 203166 2820
458729 205537 3480
471524 197322 3415
451547 205037 1862
461028 205235 3300
452901 204616 2252
455086 204743 2945
452344 205831 1678
447230 214018 2884
454347 203993 2227
457158 196558 3420
451774 203387 2640
453880 208114 2836
454099 203359 2798
452378 201390 3000
454254 203598 2531
455155 204342 3323
453650 202741 2640
449870 213736 2520
453680 204021 2373
454541 203702 2220
454903 207066 2298
454642 203625 2347
450829 207670 787
449120 209736 1560
455203 203079 2628
449986 213878 2703
447729 214895 3480
453768 206503 2032
448462 214721 3286
448489 214249 3072
452239 202202 2880
455037 208020 3240
454855 206132 2738
451482 206209 1310
452055 202936 2719
448266 205937 1860
442927 219114 3438
450465 209955 1743
454063 206364 2376
455411 204931 3324
449470 214330 2719
452915 195276 2640
453190 207876 2294
453674 201577 2923
448740 209524 1850
448236 205980 1912
456917 196193 3320
450982 203287 3415
449272 213294 3329
450618 209624 1560
451274 208760 1693
453943 203199 2834
455517 202506 2520
442759 209473 3197
449313 213071 3102
454763 206659 2700
445059 207075 2648
455461 204623 3017
454157 203175 2825
454748 204120 2412
457863 207325 2640
451578 204940 1800
452646 204484 2512
450812 201992 3060
454195 206950 2010
450399 198840 2992
453863 206288 2267
457487 195905 3600
453297 203003 2943
450888 207464 841
462958 204811 3420
447973 196879 3540
450578 197781 3538
446954 204314 3060
453670 203500 2508
452867 206689 1800
460266 205652 3120
451205 206381 992
451151 206367 944
447589 205902 2280
451002 206341 867
450352 215457 3120
455270 199249 3162
452055 202917 2700
450477 206341 1407
454554 204242 2188
452923 204736 2144
454252 204081 2337
449736 214219 2640
448827 214034 2995
436077 210289 3540
453199 204312 2270
453463 206580 1800
455849 207380 2340
450814 200772 3000
444430 208424 2924
445062 207083 2640
454921 207291 2164
454616 206323 2520
454568 206360 2580
457897 204998 3240
460359 205618 3219
450469 208571 1260
452243 199529 3240
449784 210869 1508
451884 191022 3540
454198 203360 2751
449875 210653 1742
450222 210229 2007
446076 204190 3506
454466 204247 2100
453481 207561 2520
451365 206090 1296
451379 206053 1329
451348 206143 1242
451355 206120 1265
448802 213504 2732
455057 204262 3402
452070 190706 3360
449838 210291 1798
455935 207987 2820
453627 202692 2694
450206 211872 1800
447416 213073 2580
447952 196859 3569
455119 204488 3177
451905 203914 2169
455986 202585 2640
449189 214142 2760
456001 207117 2644
442891 209295 3133
451024 207163 522
455927 197763 3180
450117 213534 2729
445923 204120 3480
453636 201599 2880
456030 197608 3366
453087 204359 2235
445938 215625 2940
451318 206177 1197
451285 206160 1191
451289 206160 1193
451265 206152 1187
451249 206149 1174
451229 206145 1153
451217 206142 1147
448629 205869 2085
452662 206076 1560
454981 205989 2760
450321 213583 2520
450026 197611 3060
451496 206224 1327
457614 196146 3551
453965 204007 2400
457940 222295 3513
452338 205855 1660
452433 201110 3071
456897 196194 3300
457644 196541 3480
453359 206595 1905
454066 203924 2432
450198 208458 1553
448935 205741 2160
456641 207479 2558
454213 203361 2745
448512 214166 2986
451760 206260 1440
451798 206256 1416
455729 207644 2626
451834 206249 1380
449894 209898 1380
451809 206254 1405
447839 205468 2121
449542 197148 3281
450845 206261 1019
456461 207395 2520
453460 207605 2568
450183 209572 1465
455673 207553 2520
455815 219717 3180
456198 202493 2871
453259 205959 2180
452453 200760 3060
453179 208234 2582
451182 206900 583
442584 209983 3120
451512 206216 1340
454935 204895 2939
448731 209513 1864
449589 213912 2856
450218 198890 3080
463009 204814 3471
449770 197326 3276
454407 207065 2069
454058 203535 2732
455223 206250 2987
456057 207546 2606
455109 205671 2880
454125 203607 2660
453591 203362 2580
448533 214642 3180
453535 205117 1891
471415 197511 3516
452804 208444 2320
449749 213520 2460
455051 204255 3410
454623 207163 2128
449598 210011 1455
459579 205805 2891
454906 202996 2395
448905 214142 3044
453287 207770 2438
451308 205789 1304
455030 203878 2640
451352 205786 1260
455982 206912 2849
456179 202464 2867
455017 203905 2669
451106 206118 1109
451090 206097 1125
451082 206090 1129
448717 214414 3354
456075 207882 2760
450645 210472 2085
449448 209891 1578
450293 209393 1260
455531 202301 2725
457231 195846 3600
449475 197048 3240
453250 204116 2230
454992 206011 2784
445931 204116 3488
455155 204871 3061
450201 217482 3300
452773 205721 1680
451420 205727 1350
450376 208541 1357
451431 205743 1349
445000 210314 2973
450490 206903 292
455053 205070 3129
450040 197619 3076
448214 205860 1952
447540 212307 2460
451557 191146 3555
454499 206291 2562
452723 208026 2099
450591 215244 3120
450350 198739 2880
450077 210304 2037
450942 208514 1260
442938 219129 3420
454912 207069 2297
448945 209730 1560
450589 202864 3202
451687 191107 3420
453514 207980 2580
452755 208840 2759
450524 206299 1347
450510 206322 1369
450504 206353 1390
450503 206364 1397
450521 206330 1363
450515 206361 1386
446056 204208 3480
450326 198476 2908
449616 197057 3381
450467 208960 1152
455382 202011 3033
448021 205955 2105
447664 214979 3420
451013 206221 988
450963 206247 968
450810 209030 1320
453932 203190 2820
450752 209222 1520
453040 203215 2700
442774 209465 3180
452868 204610 2257
452718 214138 3309
453167 204719 2381
446309 203947 3120
457324 196691 3420
449777 213459 2527
451228 206494 897
454607 207014 2117
449531 210002 1440
450615 208670 1096
450544 207579 488
448201 212321 2570
453691 208167 2640
449197 214578 3173
447173 206009 2340
449896 197426 3135
447814 205915 2220
455604 207993 3078
450348 210786 1920
444798 216556 3134
453617 203630 2400
455188 207367 2268
463503 204751 3522
448058 212497 2797
453671 203452 2460
449036 196970 3360
452476 200558 3120
454194 204413 2040
448926 214130 3023
459558 206256 3064
449710 197047 3463
449724 197048 3473
451200 206600 821
450188 211560 2047
454666 203361 2280
449769 213451 2531
452820 203064 2966
453590 203467 2542
444907 210322 2880
450777 207946 900
457054 220892 3360
453589 203191 2733
451850 204267 1980
453170 203028 2927
457186 204712 3120
450886 208730 1320
449834 210298 1803
448960 206298 1758
455422 206013 3128
457354 196705 3453
449020 204824 2400
450828 208892 1459
453701 204929 1954
454370 203289 2584
453957 204441 2181
448688 206071 1991
454690 204358 2349
450285 208486 1463
454141 202572 3000
447883 215569 3579
455938 207401 2431
460537 205518 3240
450477 208967 1140
454502 204213 2149
455151 205596 2965
452730 206096 1630
455110 204491 3167
451399 206021 1364
450543 207751 660
450284 208498 1458
451092 206081 1141
453896 204264 2368
453647 204013 2340
447522 212347 2503
453511 208073 2673
453585 204217 2280
456017 202150 3056
452731 208240 2120
452523 190507 3120
450063 219072 3489
453363 203308 2690
455222 204247 3436
455147 207783 3300
453427 205982 2349
453357 207712 2528
444708 216744 3219
452850 207120 1860
449860 219519 3586
451061 206183 1034
451752 204548 1920
447349 213114 2658
455253 201992 3163
452956 207709 2007
454273 204077 2324
449487 206246 1668
450633 199855 2700
453070 205575 1841
450505 199209 2879
442709 209737 3207
450191 217486 3310
448829 214233 3162
454162 203183 2817
455792 219749 3219
451886 203880 2207
450687 199980 2836
453381 205968 2301
450599 207288 192
452839 208201 2194
449506 213525 2400
455868 207333 2390
444744 207221 2700
453439 202428 2712
450694 207112 7
453049 203090 2825
453952 204424 2198
450722 207098 38
459568 205802 2880
449995 219798 3549
452542 193698 2820
459527 206074 2880
450214 208346 1566
452789 204977 2017
449779 212646 2253
451136 208733 1552
449530 197351 3402
452847 206753 1836
449784 212835 2376
443114 209290 3120
454679 203309 2333
452214 202631 2760
454836 204656 2681
453796 206733 1860
454774 206520 2772
455466 206179 3203
445211 216608 3556
455406 204827 3228
464897 205112 3540
453126 208048 2418
450456 210018 1680
449535 206253 1620
443077 209391 3227
450198 217679 3300
450228 208235 1678
450772 209872 1851
447445 212800 2719
452187 199346 3253
455829 202255 3030
444044 217614 3269
452619 205797 1740
455307 202651 2578
450872 206942 253
451043 208007 1080
455993 202378 2827
453508 205133 1860
450179 197871 3047
451775 206275 1444
451785 206273 1434
451762 206275 1455
453450 201825 2820
451811 206270 1411
451821 206268 1403
449480 210635 1530
450308 210564 1940
447037 213948 2757
446632 204160 3105
450374 209143 1200
450335 210968 2102
445849 206646 2520
452277 214225 3312
445519 200911 3415
444116 217258 3180
457011 196408 3374
453218 208465 2816
455133 202690 2400
457132 196133 3360
452582 205285 1860
444601 216724 3133
445904 215604 2979
454167 202232 3414
453624 204984 1860
454560 206448 2618
454558 206458 2622
450472 199159 2820
454934 204871 2917
450026 220079 3600
450955 206599 605
454567 206108 2580
450447 208448 1311
452828 208222 2179
449716 209891 1380
448657 206148 1953
450340 210490 1860
447681 205076 2940
